url_path,views_total,views_unique
/awslabs/aws-cloudsaga,103,73
/awslabs/aws-cloudsaga/forks,17,2
/awslabs/aws-cloudsaga/issues,14,4
/awslabs/aws-cloudsaga/pulls,11,4
/awslabs/aws-cloudsaga/blob/main/CHANGELOG.md,6,2
/awslabs/aws-cloudsaga/blob/main/CODE_OF_CONDUCT.md,6,2
/awslabs/aws-cloudsaga/blob/main/CONTRIBUTING.md,6,2
/awslabs/aws-cloudsaga/blob/main/README.md,6,2
/awslabs/aws-cloudsaga/actions,4,3
/awslabs/aws-cloudsaga/blob/main/poetry.lock,4,3
